"USER_ID","USER_NAME","USER_ROLE","LAST_UPDATE_DATE","CREATION_DATE","CREATED_BY","LAST_UPDATED_BY","VERSION"
2,"devuser3","ROLE_USER",26-MAY-22 09:08:27,26-MAY-22 08:50:50,"XHIBIT","XHIBIT",2
